2025-05-27 21:15:09.458241202+01:00;BEGIN EXECUTION;28
2025-05-27 21:15:09.506448540+01:00;END EXECUTION;28
